16,1.000000000,0.000000000,0.000000000,0.000000000,1.000000000,0.000000000,0.000000000,0.000000000,1.000000000,0.000000000,0.000000000,0.000000000,
17,0.999999870,0.000108685,-0.000498438,-0.000109254,0.999999343,-0.001140888,0.000498314,0.001140943,0.999999225,0.138750724,-0.010505863,0.048162754,
18,0.999999559,0.000350484,-0.000871070,-0.000351731,0.999998913,-0.001431810,0.000870568,0.001432116,0.999998596,0.264573300,-0.023236959,0.081926691,
19,0.999999514,0.000761919,-0.000625841,-0.000763116,0.999997877,-0.001913824,0.000624381,0.001914301,0.999997973,0.408569546,-0.039144855,0.124076397,
20,0.999999055,0.000322953,-0.001336360,-0.000325306,0.999998396,-0.001761294,0.001335789,0.001761727,0.999997556,0.684447644,-0.077513009,0.190974169,
21,0.999999086,0.000335623,-0.001309348,-0.000337884,0.999998452,-0.001726786,0.001308766,0.001727227,0.999997652,0.684601755,-0.078060694,0.190197113,
22,0.999998826,0.000294445,-0.001503987,-0.000297319,0.999998129,-0.001911191,0.001503422,0.001911636,0.999997043,0.824984187,-0.095630788,0.232302414,
23,0.999998137,0.000464951,-0.001873319,-0.000467964,0.999998597,-0.001608555,0.001872569,0.001609429,0.999996952,0.991691864,-0.124863352,0.260699632,
24,0.999995880,0.000904088,-0.002724489,-0.000905170,0.999999512,-0.000396254,0.002724129,0.000398719,0.999996210,1.149463472,-0.162461257,0.263763392,
25,0.999991012,0.000997841,-0.004120613,-0.000998201,0.999999498,-0.000085219,0.004120525,0.000089332,0.999991507,1.320954939,-0.185760149,0.300452812,
26,0.999988598,0.000949132,-0.004680123,-0.000950712,0.999999492,-0.000335374,0.004679802,0.000339819,0.999988992,1.466484822,-0.200282597,0.329535673,
27,0.999984324,0.001291643,-0.005448190,-0.001294968,0.999998977,-0.000606789,0.005447400,0.000613835,0.999984974,1.590972803,-0.209504582,0.358736089,
28,0.999986059,0.001327931,-0.005110551,-0.001327762,0.999999118,0.000036475,0.005110595,-0.000029689,0.999986940,1.691099465,-0.230452635,0.372332741,
29,0.999984607,0.001238044,-0.005408609,-0.001238801,0.999999223,-0.000136490,0.005408436,0.000143188,0.999985364,1.801840974,-0.242440393,0.395828573,
30,0.999981765,0.001120226,-0.005934221,-0.001123123,0.999999252,-0.000484982,0.005933673,0.000491638,0.999982275,1.901237497,-0.251452607,0.425023668,
31,0.999971527,0.001167072,-0.007455412,-0.001170753,0.999999195,-0.000489483,0.007454834,0.000498198,0.999972088,1.987766457,-0.262550954,0.444157290,
32,0.999958773,0.001551494,-0.008946785,-0.001551632,0.999998796,-0.000008395,0.008946762,0.000022277,0.999959977,2.075657819,-0.277305023,0.457766630,
33,0.999962172,0.001745349,-0.008521085,-0.001745448,0.999998477,-0.000004208,0.008521064,0.000019081,0.999963695,2.159837307,-0.290009704,0.479605786,
34,0.999958710,0.001409664,-0.008977256,-0.001411542,0.999998983,-0.000202835,0.008976961,0.000215498,0.999959683,2.231592329,-0.298855704,0.491590300,
35,0.999946070,0.001807696,-0.010226909,-0.001804698,0.999998326,0.000302338,0.010227439,-0.000283865,0.999947658,2.305668558,-0.320120997,0.501265060,
36,0.999938459,0.002004487,-0.010911500,-0.002002924,0.999997982,0.000154122,0.010911787,-0.000132258,0.999940456,2.384757212,-0.326763199,0.515243206,
37,0.999939406,0.001633026,-0.010886538,-0.001632014,0.999998663,0.000101848,0.010886690,-0.000084075,0.999940735,2.426443938,-0.330698661,0.525107194,
38,0.999929616,0.002059628,-0.011684238,-0.002054939,0.999997803,0.000413281,0.011685064,-0.000389242,0.999931652,2.486313240,-0.340285091,0.533139212,
39,0.999921838,0.001891488,-0.012358807,-0.001886145,0.999998123,0.000443975,0.012359623,-0.000420630,0.999923528,2.575000901,-0.350169555,0.547028485,
40,0.999916657,0.002066686,-0.012743936,-0.002065534,0.999997861,0.000103519,0.012744123,-0.000077188,0.999918787,2.645351602,-0.350920871,0.561081863,
41,0.999923965,0.002076298,-0.012155393,-0.002067821,0.999997610,0.000709874,0.012156838,-0.000684685,0.999925869,2.718556087,-0.367885904,0.562280961,
42,0.999920627,0.002366656,-0.012374937,-0.002360359,0.999997077,0.000523480,0.012376140,-0.000494229,0.999923291,2.810187396,-0.368708574,0.571161768,
43,0.999923176,0.002324266,-0.012175420,-0.002315623,0.999997057,0.000723923,0.012177067,-0.000695674,0.999925615,2.875923257,-0.381521074,0.577977904,
44,0.999920242,0.002514136,-0.012376965,-0.002501467,0.999996332,0.001038909,0.012379531,-0.001007865,0.999922863,2.956703760,-0.405631260,0.582149734,
45,0.999924023,0.002552719,-0.012059478,-0.002551150,0.999996735,0.000145488,0.012059810,-0.000114711,0.999927271,3.049017739,-0.410460442,0.613123402,
46,0.999915724,0.002525321,-0.012734518,-0.002520116,0.999996734,0.000424828,0.012735549,-0.000392700,0.999918822,3.140032138,-0.430874845,0.625189099,
47,0.999911887,0.002622848,-0.013013059,-0.002625271,0.999996540,-0.000169085,0.013012570,0.000203233,0.999915312,3.241906283,-0.435357891,0.652882247,
48,0.999898086,0.002145263,-0.014114347,-0.002141098,0.999997660,0.000310204,0.014114979,-0.000279952,0.999900340,3.333652743,-0.447758054,0.658131644,
49,0.999895101,0.002329388,-0.014295471,-0.002326722,0.999997273,0.000203117,0.014295905,-0.000169834,0.999897794,3.426504231,-0.451147672,0.677882731,
50,0.999899731,0.002513804,-0.013935859,-0.002507030,0.999996731,0.000503565,0.013937079,-0.000468577,0.999902764,3.498074506,-0.461777765,0.694568862,
51,0.999904172,0.002896610,-0.013537237,-0.002894018,0.999995790,0.000211052,0.013537791,-0.000171855,0.999908345,3.576174421,-0.458883533,0.714126925,
52,0.999896064,0.002778774,-0.014147059,-0.002778875,0.999996139,0.000012503,0.014147039,0.000026811,0.999899925,3.658818756,-0.452407615,0.727763432,
53,0.999904959,0.003056770,-0.013443528,-0.003045026,0.999994964,0.000894009,0.013446193,-0.000852988,0.999909232,3.777916446,-0.466984620,0.725245219,
54,0.999904271,0.003056579,-0.013494669,-0.003043567,0.999994884,0.000984646,0.013497609,-0.000943480,0.999908458,3.777992559,-0.468171188,0.724082799,
55,0.999906369,0.003235980,-0.013295908,-0.003229779,0.999994665,0.000487854,0.013297416,-0.000444865,0.999911487,3.832825319,-0.462205245,0.741058164,
56,0.999908527,0.003087597,-0.013168344,-0.003082943,0.999995178,0.000373729,0.013169435,-0.000333098,0.999913224,3.875138629,-0.457937435,0.741901532,
57,0.999909463,0.003301743,-0.013044686,-0.003293028,0.999994340,0.000689549,0.013046889,-0.000646530,0.999914677,3.905588104,-0.460064742,0.737678120,
58,0.999905148,0.003273281,-0.013378366,-0.003261214,0.999994256,0.000923674,0.013381313,-0.000879957,0.999910079,3.926482661,-0.460777603,0.729702166,
59,0.999914628,0.003110829,-0.012690881,-0.003098178,0.999994684,0.001016387,0.012693976,-0.000976981,0.999918951,3.941882589,-0.464645125,0.730703472,
60,0.999914031,0.003029260,-0.012757522,-0.003015494,0.999994850,0.001098183,0.012760783,-0.001059619,0.999918016,3.958984263,-0.468027776,0.731703501,
61,0.999918714,0.003530771,-0.012251491,-0.003523021,0.999993580,0.000654121,0.012253722,-0.000610906,0.999924734,3.979699974,-0.467806914,0.734747218,
62,0.999915044,0.003191498,-0.012637991,-0.003182083,0.999994645,0.000764949,0.012640364,-0.000724669,0.999919845,3.999802077,-0.472524985,0.737291536,
63,0.999913379,0.003146820,-0.012780176,-0.003136664,0.999994749,0.000814588,0.012782673,-0.000774430,0.999917998,4.019476282,-0.470203424,0.741566078,
64,0.999913041,0.003208627,-0.012791188,-0.003200104,0.999994644,0.000686703,0.012793323,-0.000645710,0.999917954,4.037622093,-0.469522076,0.748818033,
65,0.999916620,0.003222333,-0.012504793,-0.003211150,0.999994426,0.000914266,0.012507669,-0.000874035,0.999921394,4.046008296,-0.477237337,0.755004798,
66,0.999905133,0.003038844,-0.013434697,-0.003025584,0.999994916,0.001007221,0.013437689,-0.000966478,0.999909243,4.053363001,-0.480724379,0.764166685,
67,0.999902928,0.003129645,-0.013577172,-0.003114606,0.999994513,0.001128715,0.013580630,-0.001086318,0.999907189,4.049668215,-0.483625856,0.767952435,
68,0.999904150,0.003060981,-0.013502640,-0.003043409,0.999994495,0.001321726,0.013506611,-0.001280505,0.999907962,4.065340179,-0.490370169,0.778025280,
69,0.999902621,0.002966769,-0.013636244,-0.002951226,0.999994973,0.001159808,0.013639617,-0.001119452,0.999906349,4.055181096,-0.487007725,0.779492869,
70,0.999910253,0.003357690,-0.012969617,-0.003343815,0.999993814,0.001091354,0.012973202,-0.001047888,0.999915295,4.051395350,-0.489871455,0.785369660,
71,0.999904400,0.003281821,-0.013432073,-0.003268944,0.999994176,0.000980525,0.013435213,-0.000936523,0.999909305,4.045309786,-0.486579272,0.790145814,
72,0.999908507,0.003198777,-0.013143240,-0.003185475,0.999994393,0.001032848,0.013146471,-0.000990886,0.999913090,4.023407712,-0.487887070,0.785204130,
73,0.999911985,0.003445344,-0.012812214,-0.003431315,0.999993489,0.001116814,0.012815978,-0.001072753,0.999917297,4.000006980,-0.489912163,0.785208998,
74,0.999912198,0.003567183,-0.012762087,-0.003553441,0.999993082,0.001099310,0.012765920,-0.001053864,0.999917957,3.974958084,-0.488759180,0.778100615,
75,0.999909995,0.003125359,-0.013047405,-0.003111714,0.999994590,0.001065958,0.013050666,-0.001025262,0.999914311,3.933919733,-0.479668312,0.773966676,
76,0.999916877,0.003688005,-0.012354649,-0.003678580,0.999992926,0.000785451,0.012357458,-0.000739938,0.999923370,3.892721243,-0.470665510,0.767180894,
77,0.999921225,0.003524460,-0.012046623,-0.003509782,0.999993073,0.001239359,0.012050908,-0.001196980,0.999926669,3.839876940,-0.468656331,0.750766947,
78,0.999923963,0.003633598,-0.011784080,-0.003622594,0.999992982,0.000954970,0.011787467,-0.000912209,0.999930109,3.770289103,-0.456930753,0.739523740,
79,0.999913468,0.003751785,-0.012608763,-0.003735984,0.999992206,0.001276539,0.012613454,-0.001229323,0.999919692,3.696205720,-0.451700321,0.718070950,
80,0.999919469,0.003649706,-0.012154634,-0.003628677,0.999991882,0.001751705,0.012160929,-0.001707459,0.999924595,3.607553712,-0.457625822,0.696474173,
81,0.999921630,0.003883099,-0.011901922,-0.003862023,0.999990934,0.001793283,0.011908777,-0.001747177,0.999927562,3.519815139,-0.451763532,0.681198193,
82,0.999927231,0.003805423,-0.011447729,-0.003787016,0.999991502,0.001629168,0.011453832,-0.001585697,0.999933145,3.426807357,-0.440695234,0.668854010,
83,0.999931567,0.003954007,-0.011010341,-0.003939152,0.999991302,0.001370580,0.011015665,-0.001327115,0.999938445,3.332477535,-0.424692431,0.654114851,
84,0.999935056,0.003883138,-0.010714750,-0.003869197,0.999991641,0.001321500,0.010719792,-0.001279957,0.999941722,3.232517176,-0.409163750,0.634735391,
85,0.999935630,0.004064777,-0.010593083,-0.004050606,0.999990873,0.001358884,0.010598510,-0.001315888,0.999942968,3.126926377,-0.393404875,0.617774343,
86,0.999943551,0.004043316,-0.009825766,-0.004026586,0.999990411,0.001721823,0.009832634,-0.001682162,0.999950244,3.048013559,-0.390392845,0.604028459,
87,0.999940578,0.003736650,-0.010240968,-0.003717991,0.999991395,0.001840474,0.010247757,-0.001802289,0.999945866,2.953900464,-0.381884948,0.581111297,
88,0.999938087,0.003728415,-0.010484331,-0.003711479,0.999991777,0.001634369,0.010490339,-0.001595355,0.999943702,2.863133302,-0.365273568,0.570344435,
89,0.999942467,0.004009385,-0.009949254,-0.003993392,0.999990703,0.001626868,0.009955684,-0.001587043,0.999949182,2.774615738,-0.354610584,0.553126528,
90,0.999951369,0.003838524,-0.009084316,-0.003823843,0.999991356,0.001632961,0.009090506,-0.001598145,0.999957403,2.705485182,-0.350465944,0.536093164,
91,0.999952213,0.003709099,-0.009045144,-0.003693782,0.999991717,0.001709424,0.009051409,-0.001675932,0.999957631,2.642347177,-0.344255003,0.523920314,
92,0.999950462,0.003740905,-0.009223785,-0.003725744,0.999991681,0.001660296,0.009229920,-0.001625848,0.999956082,2.588430727,-0.337091964,0.510198269,
93,0.999950830,0.003513636,-0.009273184,-0.003500555,0.999992856,0.001426487,0.009278130,-0.001393955,0.999955986,2.533305576,-0.326110124,0.499912973,
94,0.999948828,0.003727302,-0.009404673,-0.003713109,0.999991942,0.001526127,0.009410286,-0.001491129,0.999954610,2.487067498,-0.320940840,0.491126728,
95,0.999952313,0.003522391,-0.009108438,-0.003508742,0.999992698,0.001514040,0.009113705,-0.001482009,0.999957371,2.433321274,-0.315262890,0.477555792,
96,0.999955125,0.003688858,-0.008725847,-0.003679544,0.999992644,0.001083289,0.008729779,-0.001051134,0.999961342,2.404102873,-0.306592810,0.475950039,
97,0.999951902,0.003563412,-0.009137567,-0.003551013,0.999992753,0.001372796,0.009142392,-0.001340282,0.999957309,2.369068673,-0.305061509,0.464259356,
98,0.999956072,0.003457780,-0.008711902,-0.003446020,0.999993132,0.001364496,0.008716560,-0.001334415,0.999961120,2.331424276,-0.301127267,0.455742795,
99,0.999953234,0.003443624,-0.009037208,-0.003431486,0.999993190,0.001358293,0.009041824,-0.001327219,0.999958241,2.293847754,-0.297306497,0.450013505,
100,0.999954258,0.003786122,-0.008783346,-0.003773898,0.999991888,0.001407916,0.008788605,-0.001374704,0.999960435,2.242784523,-0.293419564,0.439151950,
101,0.999959048,0.003745282,-0.008238693,-0.003734598,0.999992166,0.001311752,0.008243541,-0.001280930,0.999965201,2.189579075,-0.289040362,0.431094086,
102,0.999958689,0.003653304,-0.008323042,-0.003640854,0.999992231,0.001510488,0.008328496,-0.001480122,0.999964222,2.141158670,-0.288840399,0.421819944,
103,0.999957843,0.003535667,-0.008474201,-0.003523188,0.999992688,0.001487064,0.008479397,-0.001457146,0.999962988,2.087908153,-0.291427913,0.421649703,
104,0.999963559,0.003700333,-0.007693416,-0.003690771,0.999992399,0.001256719,0.007698008,-0.001228279,0.999969616,2.023689052,-0.283688032,0.416491578,
105,0.999964552,0.003535151,-0.007641856,-0.003523103,0.999992531,0.001589435,0.007647418,-0.001562456,0.999969537,1.961125858,-0.282843446,0.403855070,
106,0.999966570,0.003559026,-0.007361515,-0.003547776,0.999992520,0.001540722,0.007366944,-0.001514553,0.999971717,1.912132552,-0.275650285,0.405138281,
107,0.999962704,0.003471703,-0.007908058,-0.003458369,0.999992576,0.001699222,0.007913899,-0.001671809,0.999967287,1.800444067,-0.262373602,0.379345054,
108,0.999962615,0.003422579,-0.007940743,-0.003408904,0.999992685,0.001734922,0.007946622,-0.001707788,0.999966967,1.800428216,-0.262780176,0.379138806,
109,0.999964122,0.003295331,-0.007803617,-0.003282602,0.999993262,0.001643334,0.007808980,-0.001617659,0.999968201,1.745024451,-0.254625535,0.372156727,
110,0.999968140,0.003311918,-0.007262993,-0.003301207,0.999993447,0.001486250,0.007267867,-0.001462226,0.999972520,1.676472767,-0.250304226,0.365140332,
111,0.999969815,0.003400088,-0.006986249,-0.003389897,0.999993174,0.001470045,0.006991200,-0.001446317,0.999974515,1.622666700,-0.245681936,0.356439044,
112,0.999971709,0.003467341,-0.006675175,-0.003458911,0.999993206,0.001273967,0.006679547,-0.001250842,0.999976909,1.557362738,-0.239080899,0.350428035,
113,0.999973591,0.003298067,-0.006476150,-0.003288793,0.999993552,0.001442159,0.006480865,-0.001420822,0.999977990,1.477664450,-0.232500922,0.335088244,
114,0.999974774,0.003202853,-0.006339802,-0.003193490,0.999993796,0.001486474,0.006344523,-0.001466191,0.999978798,1.400861397,-0.227035425,0.322336090,
115,0.999975988,0.003283589,-0.006102628,-0.003274890,0.999993608,0.001434993,0.006107301,-0.001414973,0.999980349,1.335174075,-0.218484094,0.312172196,
116,0.999976790,0.003051776,-0.006091559,-0.003043930,0.999994526,0.001296899,0.006095484,-0.001278326,0.999980605,1.283678453,-0.213676248,0.308914306,
117,0.999979244,0.003249190,-0.005563666,-0.003242210,0.999993946,0.001263013,0.005567736,-0.001244948,0.999983725,1.209269864,-0.207540658,0.298949858,
118,0.999979315,0.003114456,-0.005627599,-0.003107417,0.999994379,0.001259167,0.005631489,-0.001241654,0.999983372,1.135976202,-0.202617836,0.290565513,
119,0.999982011,0.003156943,-0.005100048,-0.003154197,0.999994876,0.000546340,0.005101747,-0.000530244,0.999986845,1.061551291,-0.186649618,0.287955687,
120,0.999985088,0.003086207,-0.004505354,-0.003082405,0.999994888,0.000850659,0.004507957,-0.000836759,0.999989489,0.999801833,-0.186642417,0.279651352,
121,0.999985327,0.003028052,-0.004491805,-0.003024884,0.999995172,0.000711880,0.004493939,-0.000698282,0.999989658,0.930992532,-0.176060965,0.265617518,
122,0.999986596,0.003054484,-0.004180612,-0.003052540,0.999995230,0.000471384,0.004182032,-0.000458616,0.999991150,0.841226846,-0.162975018,0.253389221,
123,0.999987046,0.003150222,-0.003997908,-0.003147962,0.999994882,0.000571464,0.003999688,-0.000558871,0.999991845,0.765172741,-0.151603075,0.235480211,
124,0.999988804,0.003118390,-0.003559053,-0.003115656,0.999994847,0.000773498,0.003561447,-0.000762400,0.999993367,0.665964894,-0.145719173,0.220484179,
125,0.999989888,0.003159314,-0.003200297,-0.003157292,0.999994813,0.000636424,0.003202291,-0.000626313,0.999994677,0.554634529,-0.125071667,0.191638442,
126,0.999991373,0.003223746,-0.002619246,-0.003222233,0.999994639,0.000581920,0.002621108,-0.000573476,0.999996400,0.455553574,-0.111733319,0.176357648,
127,0.999992558,0.003063382,-0.002345175,-0.003062061,0.999995151,0.000566691,0.002346900,-0.000559506,0.999997090,0.368648370,-0.095576065,0.150091595,
128,0.999992938,0.002930738,-0.002352589,-0.002929328,0.999995528,0.000602743,0.002354345,-0.000595847,0.999997051,0.278240294,-0.081026943,0.129585697,
129,0.999992908,0.003065189,-0.002188285,-0.003063989,0.999995154,0.000551544,0.002189965,-0.000544835,0.999997454,0.210136163,-0.063441170,0.103446848,
130,0.999995043,0.002955884,-0.001084717,-0.002955583,0.999995593,0.000279452,0.001085539,-0.000276245,0.999999373,0.129997865,-0.045433563,0.077633970,
131,0.999994825,0.002859692,-0.001473622,-0.002858933,0.999995779,0.000517211,0.001475095,-0.000512995,0.999998780,0.086494711,-0.033570591,0.055562100,
132,0.999995364,0.002677988,-0.001449520,-0.002677178,0.999996259,0.000560908,0.001451017,-0.000557025,0.999998792,0.068893296,-0.032620383,0.053770989,
133,0.999996312,0.002533305,-0.000978676,-0.002532753,0.999996633,0.000564636,0.000980103,-0.000562155,0.999999362,0.110686375,-0.059436769,0.097835618,
134,0.999996748,0.002504399,-0.000481405,-0.002504040,0.999996587,0.000745332,0.000483270,-0.000744124,0.999999606,0.129123483,-0.107451367,0.171426349,
135,0.999997398,0.002237870,-0.000441846,-0.002237635,0.999997355,0.000532463,0.000443037,-0.000531473,0.999999761,0.123820213,-0.141211389,0.233590581,
136,0.999997241,0.002334704,-0.000260902,-0.002334545,0.999997091,0.000607313,0.000262319,-0.000606702,0.999999782,0.063971339,-0.200405575,0.337950897,
137,0.999997205,0.002364306,0.000004344,-0.002364309,0.999997020,0.000608945,-0.000002904,-0.000608953,0.999999815,-0.002023445,-0.242119534,0.411537725,
138,0.999997065,0.002242845,0.000916220,-0.002243301,0.999997360,0.000497197,-0.000915102,-0.000499251,0.999999457,-0.247987737,-0.256547831,0.438463092,
139,0.999997406,0.002144724,0.000767018,-0.002145233,0.999997479,0.000663780,-0.000765593,-0.000665424,0.999999486,-0.441011391,-0.241864342,0.404752085,
140,0.999996145,0.002369963,0.001446896,-0.002370408,0.999997144,0.000305728,-0.001446167,-0.000309156,0.999998907,-0.677071379,-0.234497158,0.419574774,
141,0.999995939,0.002391990,0.001549297,-0.002392561,0.999997070,0.000366991,-0.001548414,-0.000370696,0.999998732,-0.677760308,-0.235475246,0.417911395,
142,0.999996395,0.002183739,0.001562758,-0.002184252,0.999997561,0.000326191,-0.001562042,-0.000329603,0.999998726,-0.791982344,-0.231571203,0.395299062,
143,0.999995655,0.002193878,0.001969086,-0.002194872,0.999997465,0.000502732,-0.001967978,-0.000507051,0.999997935,-0.914256835,-0.202391552,0.320161985,
144,0.999996193,0.002036354,0.001862254,-0.002037054,0.999997855,0.000373710,-0.001861489,-0.000377502,0.999998196,-0.998036452,-0.183611574,0.296962905,
145,0.999995814,0.002120769,0.001968136,-0.002121697,0.999997639,0.000469808,-0.001967135,-0.000473982,0.999997953,-1.089394446,-0.160964312,0.260194435,
146,0.999995552,0.002179530,0.002036191,-0.002180406,0.999997531,0.000428220,-0.002035253,-0.000432658,0.999997835,-1.167452168,-0.161053273,0.261766992,
147,0.999995311,0.002222328,0.002106866,-0.002222988,0.999997481,0.000310813,-0.002106170,-0.000315495,0.999997732,-1.238652357,-0.141634580,0.225692167,
148,0.999995145,0.002145333,0.002259795,-0.002146005,0.999997654,0.000295254,-0.002259156,-0.000300102,0.999997403,-1.313456543,-0.138446444,0.222312402,
149,0.999994178,0.002113906,0.002678513,-0.002115276,0.999997633,0.000508709,-0.002677431,-0.000514372,0.999996283,-1.404740873,-0.128617963,0.184235746,
150,0.999990819,0.002299530,0.003615817,-0.002301137,0.999997255,0.000440344,-0.003614794,-0.000448661,0.999993366,-1.495902933,-0.116826852,0.171335326,
151,0.999991768,0.002230199,0.003389759,-0.002231076,0.999997479,0.000254977,-0.003389182,-0.000262538,0.999994222,-1.571732553,-0.089399222,0.126306755,
152,0.999988970,0.002393339,0.004041149,-0.002394820,0.999997067,0.000361536,-0.004040272,-0.000371210,0.999991769,-1.644179189,-0.083020718,0.107293022,
153,0.999989762,0.002180481,0.003965112,-0.002181155,0.999997608,0.000165650,-0.003964742,-0.000174297,0.999992125,-1.705618169,-0.051948289,0.080464562,
154,0.999991870,0.002007887,0.003496960,-0.002008791,0.999997950,0.000255246,-0.003496440,-0.000262269,0.999993853,-1.772932695,-0.047232039,0.064020292,
155,0.999991431,0.002097898,0.003568799,-0.002098719,0.999997772,0.000226494,-0.003568316,-0.000233982,0.999993606,-1.853018864,-0.039106860,0.057525300,
156,0.999990081,0.002121694,0.003916129,-0.002123138,0.999997680,0.000364699,-0.003915346,-0.000373010,0.999992265,-1.909887700,-0.031591273,0.038523386,
157,0.999991334,0.001767396,0.003769397,-0.001768375,0.999998404,0.000256604,-0.003768937,-0.000263268,0.999992863,-1.970694262,-0.014171743,0.014739052,
158,0.999989202,0.002161294,0.004114002,-0.002163429,0.999997527,0.000514448,-0.004112880,-0.000523343,0.999991405,-2.091423424,-0.007014587,-0.003584802,
159,0.999988826,0.002307573,0.004125895,-0.002309345,0.999997243,0.000424745,-0.004124903,-0.000434268,0.999991398,-2.091427337,-0.004976995,-0.004573314,
160,0.999986957,0.002405780,0.004505401,-0.002406630,0.999997087,0.000183199,-0.004504947,-0.000194040,0.999989834,-2.155523017,0.009328676,-0.014739495,
161,0.999986863,0.002244296,0.004608358,-0.002245223,0.999997460,0.000196064,-0.004607906,-0.000206409,0.999989362,-2.222004979,0.023296536,-0.043930665,
162,0.999988026,0.002112112,0.004414427,-0.002112651,0.999997761,0.000117627,-0.004414169,-0.000126952,0.999990249,-2.297218010,0.034117805,-0.056892768,
163,0.999984103,0.002280939,0.005156626,-0.002282182,0.999997368,0.000235094,-0.005156076,-0.000246859,0.999986677,-2.370822356,0.046951223,-0.082623064,
164,0.999984868,0.001980134,0.005132525,-0.001979819,0.999998038,-0.000066594,-0.005132647,0.000056431,0.999986826,-2.429271634,0.058859906,-0.091263920,
165,0.999986473,0.001959910,0.004817999,-0.001960981,0.999998054,0.000217464,-0.004817563,-0.000226909,0.999988370,-2.495688518,0.066233330,-0.120272425,
166,0.999982831,0.002276562,0.005399469,-0.002276037,0.999997404,-0.000103283,-0.005399690,0.000090992,0.999985417,-2.577048335,0.085894935,-0.132399055,
167,0.999983353,0.002059698,0.005390018,-0.002059290,0.999997876,-0.000081299,-0.005390174,0.000070198,0.999985470,-2.612624507,0.091176495,-0.140456700,
168,0.999982855,0.001975606,0.005512322,-0.001976656,0.999998029,0.000185018,-0.005511946,-0.000195911,0.999984790,-2.638384402,0.098459259,-0.188047675,
169,0.999981903,0.002027562,0.005664080,-0.002028930,0.999997914,0.000235870,-0.005663590,-0.000247358,0.999983931,-2.647040815,0.101257252,-0.205416584,
170,0.999985014,0.002215231,0.005006520,-0.002215358,0.999997546,0.000019966,-0.005006463,-0.000031057,0.999987467,-2.653789575,0.120350846,-0.205813787,
171,0.999986206,0.002030921,0.004843792,-0.002030231,0.999997928,-0.000147395,-0.004844082,0.000137559,0.999988258,-2.663365045,0.127981769,-0.203950644,
172,0.999984177,0.002043239,0.005241183,-0.002043110,0.999997912,-0.000030022,-0.005241233,0.000019314,0.999986264,-2.658020416,0.128239205,-0.218212730,
173,0.999986685,0.002003630,0.004755564,-0.002002823,0.999997979,-0.000174425,-0.004755904,0.000164898,0.999988677,-2.645309294,0.132807626,-0.224938871,
174,0.999986101,0.002024316,0.004868199,-0.002023811,0.999997946,-0.000108640,-0.004868409,0.000098786,0.999988144,-2.628822622,0.136599821,-0.239743813,
175,0.999987104,0.002004350,0.004666343,-0.002003803,0.999997985,-0.000121729,-0.004666578,0.000112377,0.999989105,-2.617712971,0.139627033,-0.246608768,
176,0.999988101,0.002040242,0.004431153,-0.002037936,0.999997786,-0.000524845,-0.004432214,0.000515808,0.999990045,-2.608491173,0.151474072,-0.257316513,
177,0.999986761,0.002080010,0.004706516,-0.002078364,0.999997777,-0.000354675,-0.004707244,0.000344889,0.999988861,-2.599132874,0.151704410,-0.265022368,
178,0.999988383,0.002035034,0.004369526,-0.002033430,0.999997864,-0.000371616,-0.004370273,0.000362726,0.999990385,-2.565641511,0.157553167,-0.274047268,
179,0.999988392,0.002041301,0.004364613,-0.002039628,0.999997845,-0.000387799,-0.004365395,0.000378893,0.999990400,-2.565651609,0.157895340,-0.273755641,
180,0.999985904,0.002288381,0.004791135,-0.002286747,0.999997325,-0.000346378,-0.004791915,0.000335417,0.999988462,-2.551479057,0.159033977,-0.276671877,
181,0.999986578,0.002129236,0.004723311,-0.002126090,0.999997515,-0.000671034,-0.004724728,0.000660983,0.999988620,-2.549601514,0.171890331,-0.284869463,
182,0.999987240,0.002034970,0.004623642,-0.002032092,0.999997739,-0.000627018,-0.004624907,0.000617614,0.999989114,-2.529818423,0.174003399,-0.295716652,
183,0.999986554,0.002129828,0.004728202,-0.002126389,0.999997471,-0.000732072,-0.004729749,0.000722008,0.999988554,-2.513606130,0.179086826,-0.295672912,
184,0.999986823,0.002252392,0.004613000,-0.002248478,0.999997108,-0.000853459,-0.004614909,0.000843075,0.999988996,-2.498961919,0.190173398,-0.319870767,
185,0.999986392,0.002277786,0.004693366,-0.002274219,0.999997121,-0.000765378,-0.004695096,0.000754694,0.999988693,-2.480127498,0.192977706,-0.325218206,
186,0.999987201,0.002388288,0.004460332,-0.002384627,0.999996816,-0.000825897,-0.004462290,0.000815250,0.999989712,-2.461266129,0.201115720,-0.335463803,
187,0.999984232,0.002561833,0.004997356,-0.002557865,0.999996409,-0.000800142,-0.004999388,0.000787347,0.999987193,-2.447451912,0.203636735,-0.342101598,
188,0.999985518,0.002493754,0.004769107,-0.002488721,0.999996340,-0.001061044,-0.004771736,0.001049160,0.999988065,-2.418841916,0.210990250,-0.348856002,
189,0.999987782,0.002361119,0.004342894,-0.002357040,0.999996777,-0.000944014,-0.004345109,0.000933767,0.999990124,-2.386307990,0.212811658,-0.361736548,
190,0.999988425,0.002346746,0.004200384,-0.002343839,0.999997010,-0.000697036,-0.004202007,0.000687183,0.999990935,-2.369560510,0.212186759,-0.371548163,
191,0.999987466,0.002565999,0.004299333,-0.002561722,0.999996219,-0.001000113,-0.004301883,0.000989087,0.999990258,-2.348037165,0.224959666,-0.373271243,
192,0.999988330,0.002459564,0.004158292,-0.002455545,0.999996513,-0.000971295,-0.004160667,0.000961073,0.999990883,-2.318802007,0.231592114,-0.378195805,
193,0.999987242,0.002664506,0.004291451,-0.002660779,0.999996078,-0.000873954,-0.004293763,0.000862524,0.999990410,-2.281395144,0.245946149,-0.399251563,
194,0.999988044,0.002598421,0.004142508,-0.002594350,0.999996147,-0.000987910,-0.004145059,0.000977151,0.999990932,-2.260119670,0.255782904,-0.407340666,
195,0.999989694,0.002686456,0.003659837,-0.002682864,0.999995915,-0.000986146,-0.003662471,0.000976317,0.999992817,-2.224213755,0.275261655,-0.437448443,
196,0.999988848,0.002730154,0.003853482,-0.002725314,0.999995492,-0.001260764,-0.003856907,0.001250248,0.999991781,-2.184683555,0.297114893,-0.466295460,
197,0.999989016,0.002715095,0.003820534,-0.002709748,0.999995343,-0.001404105,-0.003824329,0.001393737,0.999991716,-2.114128021,0.307993231,-0.475474133,
198,0.999989038,0.002728278,0.003805307,-0.002723022,0.999995333,-0.001385643,-0.003809069,0.001375266,0.999991800,-2.114078071,0.307708128,-0.475880644,
199,0.999990416,0.002710612,0.003437992,-0.002705712,0.999995318,-0.001429259,-0.003441850,0.001419943,0.999993069,-2.084563075,0.316702821,-0.492937710,
200,0.999990012,0.002763183,0.003512883,-0.002757925,0.999995071,-0.001500602,-0.003517012,0.001490899,0.999992704,-2.044837234,0.332921580,-0.511052149,
201,0.999989006,0.002899958,0.003684943,-0.002894740,0.999994801,-0.001420598,-0.003689044,0.001409916,0.999992202,-2.009073542,0.333938566,-0.518043573,
202,0.999990157,0.002821183,0.003424304,-0.002815935,0.999994855,-0.001536413,-0.003428621,0.001526755,0.999992957,-1.953454916,0.347728437,-0.545345508,
203,0.999989272,0.002923596,0.003592723,-0.002918665,0.999994793,-0.001376933,-0.003596730,0.001366432,0.999992598,-1.913413409,0.342731920,-0.554070934,
204,0.999991584,0.002907396,0.002894779,-0.002902446,0.999994321,-0.001712899,-0.002899742,0.001704482,0.999994343,-1.874427330,0.354723637,-0.557252222,
205,0.999990981,0.003035177,0.002970783,-0.003030330,0.999994072,-0.001634755,-0.002975727,0.001625738,0.999994251,-1.815737592,0.361973208,-0.590481549,
206,0.999989732,0.003139058,0.003268235,-0.003133939,0.999993857,-0.001570097,-0.003273143,0.001559838,0.999993427,-1.785692375,0.362743211,-0.600935209,
207,0.999991103,0.002872362,0.003089141,-0.002866222,0.999993912,-0.001990387,-0.003094839,0.001981515,0.999993248,-1.738794034,0.382367922,-0.623407685,
